원본 배열:

  45166   9992  54303  26526  15648  22533  32314  57298  20811  72653
  38460  54342  61152  21467  65263   2398  76174  60653  65818   8339
  58221  59912  63684  92511  87982  49177   5030  12337   4956   9334
  25132  24481   2862  48099  64520  61726  45549  34225  97490   9602
  74013  90849  24416  82055  13641  31590  30494  59315  62607  49640
    203  97134  51141  46884  58351  67796  37799   9713  71740  38406
  84959  52765  13697   7259    431  46742  84229  54196  52349  30245
  27334  61069  58620  70229  77550  26288   4755  92114  70254  51491
   6348  73676  69530  33249  31675  79258  26593    615  15497  30683
  73543  50180  31484  24119  74976  92307  72484  70244  13739  67622

정답 배열:

    203    431    615   2398   2862   4755   4956   5030   6348   7259
   8339   9334   9602   9713   9992  12337  13641  13697  13739  15497
  15648  20811  21467  22533  24119  24416  24481  25132  26288  26526
  26593  27334  30245  30494  30683  31484  31590  31675  32314  33249
  34225  37799  38406  38460  45166  45549  46742  46884  48099  49177
  49640  50180  51141  51491  52349  52765  54196  54303  54342  57298
  58221  58351  58620  59315  59912  60653  61069  61152  61726  62607
  63684  64520  65263  65818  67622  67796  69530  70229  70244  70254
  71740  72484  72653  73543  73676  74013  74976  76174  77550  79258
  82055  84229  84959  87982  90849  92114  92307  92511  97134  97490

제출 배열:

    203    431    615   2398   2862   4755   4956   5030   6348   7259
   8339   9334   9602   9713   9992  12337  13641  13697  13739  15497
  15648  20811  21467  22533  24119  24416  24481  25132  26288  26526
  26593  27334  30245  30494  30683  31484  31590  31675  32314  33249
  34225  37799  38406  38460  45166  45549  46742  46884  48099  49177
  49640  50180  51141  51491  52349  52765  54196  54303  54342  57298
  58221  58351  58620  59315  59912  60653  61069  61152  61726  62607
  63684  64520  65263  65818  67622  67796  69530  70229  70244  70254
  71740  72484  72653  73543  73676  74013  74976  76174  77550  79258
  82055  84229  84959  87982  90849  92114  92307  92511  97134  97490

결과: 정답과 일치합니다.

실행 시간: 0.001
